%HEADER
NEUTRAL FILE CREATED BY FEMOOP PROGRAM
 
%NODE
   13
 
%NODE.COORD
   13
    1                            0.000000                           0.000000                           0.000000
    2                            1.000000                           0.000000                           0.000000
    3                            2.000000                           0.000000                           0.000000
    4                            3.000000                           0.000000                           0.000000
    5                            4.000000                           0.000000                           0.000000
    6                            5.000000                           0.000000                           0.000000
    7                            6.000000                           8.000000                           0.000000
    8                            1.500000                           8.500000                           0.000000
    9                           -3.000000                           9.000000                           0.000000
   10                           -2.400000                           7.200000                           0.000000
   11                           -1.800000                           5.400000                           0.000000
   12                           -1.200000                           3.600000                           0.000000
   13                           -0.600000                           1.800000                           0.000000
 
  %INTEGRATION.QUADRATURE 
  2 
 
  %INTEGRATION.QUADRATURE.QUADRILATERAL
 1 
 1    1   1   1  1 
 
 %ELEMENT
          13
 
 %ELEMENT.T3
          13
   1    1    1    2     0     0     2
   2    1    1    2  ****     0     3
   3    1    1    2  ****     0     4
   4    1    1    2  ****     0     1
