%HEADER
NEUTRAL FILE CREATED BY FEMOOP PROGRAM
 
%NODE
          79
 
%NODE.COORD
          79
     1           0.0000000              -10.0000000                0.0000000
     2           1.7455960               -9.7455960                0.0000000
     3           3.3255040               -9.3255040                0.0000000
     4           4.7397240               -8.7397240                0.0000000
     5           5.9882560               -7.9882560                0.0000000
     6           7.0711000               -7.0711000                0.0000000
     7           7.9882560               -5.9882560                0.0000000
     8           8.7397240               -4.7397240                0.0000000
     9           9.3255040               -3.3255040                0.0000000
    10           9.7455960               -1.7455960                0.0000000
    11          10.0000000                0.0000000                0.0000000
    12           9.7455960                1.7455960                0.0000000
    13           9.3255040                3.3255040                0.0000000
    14           8.7397240                4.7397240                0.0000000
    15           7.9882560                5.9882560                0.0000000
    16           7.0711000                7.0711000                0.0000000
    17           5.9882560                7.9882560                0.0000000
    18           4.7397240                8.7397240                0.0000000
    19           3.3255040                9.3255040                0.0000000
    20           1.7455960                9.7455960                0.0000000
    21           0.0000000               10.0000000                0.0000000
    22          -1.7455960                9.7455960                0.0000000
    23          -3.3255040                9.3255040                0.0000000
    24          -4.7397240                8.7397240                0.0000000
    25          -5.9882560                7.9882560                0.0000000
    26          -7.0711000                7.0711000                0.0000000
    27          -7.9882560                5.9882560                0.0000000
    28          -8.7397240                4.7397240                0.0000000
    29          -9.3255040                3.3255040                0.0000000
    30          -9.7455960                1.7455960                0.0000000
    31         -10.0000000                0.0000000                0.0000000
    32          -9.7455960               -1.7455960                0.0000000
    33          -9.3255040               -3.3255040                0.0000000
    34          -8.7397240               -4.7397240                0.0000000
    35          -7.9882560               -5.9882560                0.0000000
    36          -7.0711000               -7.0711000                0.0000000
    37          -5.9882560               -7.9882560                0.0000000
    38          -4.7397240               -8.7397240                0.0000000
    39          -3.3255040               -9.3255040                0.0000000
    40          -1.7455960               -9.7455960                0.0000000
    41           1.4498856               -8.3038682                0.0000000
    42           3.4096628               -7.7400746                0.0000000
    43           4.8090987               -7.3900406                0.0000000
    44           5.8501329               -6.8093100                0.0000000
    45           6.6984993               -5.9776600                0.0000000
    46           7.4071640               -4.9503514                0.0000000
    47           7.9678604               -3.7603086                0.0000000
    48           8.3653013               -2.4122043                0.0000000
    49           8.5944284               -0.9013105                0.0000000
    50           8.6472181                0.6170457                0.0000000
    51           8.4010748                2.0974912                0.0000000
    52           8.0076844                3.4928268                0.0000000
    53           7.4826470                4.7328542                0.0000000
    54           6.8030706                5.7970699                0.0000000
    55           5.9565895                6.6889177                0.0000000
    56           4.9419265                7.4134955                0.0000000
    57           3.7607757                7.9725565                0.0000000
    58           2.4141295                8.3660573                0.0000000
    59           0.9020448                8.5938054                0.0000000
    60          -0.6170974                8.6468033                0.0000000
    61          -2.0976612                8.4010062                0.0000000
    62          -3.4928889                8.0077335                0.0000000
    63          -4.7328498                7.4826810                0.0000000
    64          -5.7970560                6.8030766                0.0000000
    65          -6.6889123                5.9565859                0.0000000
    66          -7.4134959                4.9419236                0.0000000
    67          -7.9725577                3.7607752                0.0000000
    68          -8.3660578                2.4141298                0.0000000
    69          -8.5938056                0.9020450                0.0000000
    70          -8.6468032               -0.6170970                0.0000000
    71          -8.4010062               -2.0976611                0.0000000
    72          -8.0077335               -3.4928890                0.0000000
    73          -7.4826810               -4.7328497                0.0000000
    74          -6.8030766               -5.7970560                0.0000000
    75          -5.9565859               -6.6889123                0.0000000
    76          -4.9419237               -7.4134958                0.0000000
    77          -3.7607751               -7.9725576                0.0000000
    78          -2.4141298               -8.3660578                0.0000000
    79          -0.9020452               -8.5938055                0.0000000
 
  %INTEGRATION.QUADRATURE 
  2 
 
  %INTEGRATION.QUADRATURE.QUADRILATERAL
 1 
 1    1   1   1  1 
 
 %ELEMENT
          79
 
 %ELEMENT.T3
          79
     1    1    1    1     1     2    41
     2    1    1    1     2     3    41
     3    1    1    1    41     3    42
     4    1    1    1     3     4    42
     5    1    1    1    42     4    43
     6    1    1    1     4     5    43
     7    1    1    1    43     5    44
     8    1    1    1     5     6    44
     9    1    1    1    44     6    45
    10    1    1    1     6     7    45
    11    1    1    1    45     7    46
    12    1    1    1     7     8    46
    13    1    1    1    46     8    47
    14    1    1    1     8     9    47
    15    1    1    1    47     9    48
    16    1    1    1     9    10    48
    17    1    1    1    48    10    49
    18    1    1    1    10    11    49
    19    1    1    1    49    11    50
    20    1    1    1    11    12    50
    21    1    1    1    50    12    51
    22    1    1    1    12    13    51
    23    1    1    1    51    13    52
    24    1    1    1    13    14    52
    25    1    1    1    52    14    53
    26    1    1    1    14    15    53
    27    1    1    1    53    15    54
    28    1    1    1    15    16    54
    29    1    1    1    54    16    55
    30    1    1    1    16    17    55
    31    1    1    1    55    17    56
    32    1    1    1    17    18    56
    33    1    1    1    56    18    57
    34    1    1    1    18    19    57
    35    1    1    1    57    19    58
    36    1    1    1    19    20    58
    37    1    1    1    58    20    59
    38    1    1    1    20    21    59
    39    1    1    1    59    21    60
    40    1    1    1    21    22    60
    41    1    1    1    60    22    61
    42    1    1    1    22    23    61
    43    1    1    1    61    23    62
    44    1    1    1    23    24    62
    45    1    1    1    62    24    63
    46    1    1    1    24    25    63
    47    1    1    1    63    25    64
    48    1    1    1    25    26    64
    49    1    1    1    64    26    65
    50    1    1    1    26    27    65
    51    1    1    1    65    27    66
    52    1    1    1    27    28    66
    53    1    1    1    66    28    67
    54    1    1    1    28    29    67
    55    1    1    1    67    29    68
    56    1    1    1    29    30    68
    57    1    1    1    68    30    69
    58    1    1    1    30    31    69
    59    1    1    1    69    31    70
    60    1    1    1    31    32    70
    61    1    1    1    70    32    71
    62    1    1    1    32    33    71
    63    1    1    1    71    33    72
    64    1    1    1    33    34    72
    65    1    1    1    72    34    73
    66    1    1    1    34    35    73
    67    1    1    1    73    35    74
    68    1    1    1    35    36    74
    69    1    1    1    74    36    75
    70    1    1    1    36    37    75
    71    1    1    1    75    37    76
    72    1    1    1    37    38    76
    73    1    1    1    76    38    77
    74    1    1    1    38    39    77
    75    1    1    1    77    39    78
    76    1    1    1    39    40    78
    77    1    1    1    78    40    79
    78    1    1    1    40     1    79
    79    1    1    1    79     1    41
%END
