%HEADER
NEUTRAL FILE CREATED BY FEMOOP PROGRAM
 
%NODE
          36
 
%NODE.COORD
          36
     1           0.0000000              -10.0000000                0.0000000
     2           1.9293235               -9.7071012                0.0000000
     3           3.6540938               -9.2096494                0.0000000
     4           5.1743111               -8.5076444                0.0000000
     5           6.4899753               -7.6010864                0.0000000
     6           7.6010864               -6.4899753                0.0000000
     7           8.5076444               -5.1743111                0.0000000
     8           9.2096494               -3.6540938                0.0000000
     9           9.7071012               -1.9293235                0.0000000
    10          10.0000000                0.0000000                0.0000000
    11           9.7071012                1.9293235                0.0000000
    12           9.2096494                3.6540938                0.0000000
    13           8.5076444                5.1743111                0.0000000
    14           7.6010864                6.4899753                0.0000000
    15           6.4899753                7.6010864                0.0000000
    16           5.1743111                8.5076444                0.0000000
    17           3.6540938                9.2096494                0.0000000
    18           1.9293235                9.7071012                0.0000000
    19           0.0000000               10.0000000                0.0000000
    20          -1.9293235                9.7071012                0.0000000
    21          -3.6540938                9.2096494                0.0000000
    22          -5.1743111                8.5076444                0.0000000
    23          -6.4899753                7.6010864                0.0000000
    24          -7.6010864                6.4899753                0.0000000
    25          -8.5076444                5.1743111                0.0000000
    26          -9.2096494                3.6540938                0.0000000
    27          -9.7071012                1.9293235                0.0000000
    28         -10.0000000                0.0000000                0.0000000
    29          -9.7071012               -1.9293235                0.0000000
    30          -9.2096494               -3.6540938                0.0000000
    31          -8.5076444               -5.1743111                0.0000000
    32          -7.6010864               -6.4899753                0.0000000
    33          -6.4899753               -7.6010864                0.0000000
    34          -5.1743111               -8.5076444                0.0000000
    35          -3.6540938               -9.2096494                0.0000000
    36          -1.9293235               -9.7071012                0.0000000
 
  %INTEGRATION.QUADRATURE 
  2 
 
  %INTEGRATION.QUADRATURE.QUADRILATERAL
 1 
 1    1   1   1  1 
 
 %ELEMENT
          36
 
 %ELEMENT.T3
          36
     1    1    1    1     1     2     2
     2    1    1    1     2     3     3
     3    1    1    1     3     4     4
     4    1    1    1     4     5     5
     5    1    1    1     5     6     6
     6    1    1    1     6     7     7
     7    1    1    1     7     8     8
     8    1    1    1     8     9     9
     9    1    1    1     9    10    10
    10    1    1    1    10    11    11
    11    1    1    1    11    12    12
    12    1    1    1    12    13    13
    13    1    1    1    13    14    14
    14    1    1    1    14    15    15
    15    1    1    1    15    16    16
    16    1    1    1    16    17    17
    17    1    1    1    17    18    18
    18    1    1    1    18    19    19
    19    1    1    1    19    20    20
    20    1    1    1    20    21    21
    21    1    1    1    21    22    22
    22    1    1    1    22    23    23
    23    1    1    1    23    24    24
    24    1    1    1    24    25    25
    25    1    1    1    25    26    26
    26    1    1    1    26    27    27
    27    1    1    1    27    28    28
    28    1    1    1    28    29    29
    29    1    1    1    29    30    30
    30    1    1    1    30    31    31
    31    1    1    1    31    32    32
    32    1    1    1    32    33    33
    33    1    1    1    33    34    34
    34    1    1    1    34    35    35
    35    1    1    1    35    36    36
    36    1    1    1    36     1     1
%END
